ROC AUC: 0.6943918150814702
F1: 0.06060606060606061
Precision: 0.25
Recall: 0.034482758620689655
Accuracy: 0.9211195928753181
