ROC AUC: 0.5447139067828723
F1: 0.13744075829383887
Precision: 0.0737913486005089
Recall: 1.0
Accuracy: 0.0737913486005089
