ROC AUC: 0.5525767336112163
F1: 0.13513513513513514
Precision: 0.1111111111111111
Recall: 0.1724137931034483
Accuracy: 0.8371501272264631
